Datetime,Open,High,Low,Close,Adj Close,Volume
2022-02-18 00:00:00+00:00,40563.98828125,40601.06640625,40417.203125,40552.390625,40552.390625,318308352
2022-02-18 00:30:00+00:00,40547.3203125,40668.45703125,40500.9296875,40595.6953125,40595.6953125,217860096
2022-02-18 01:00:00+00:00,40600.2421875,40611.1328125,40455.1796875,40458.54296875,40458.54296875,69734400
2022-02-18 01:30:00+00:00,40451.86328125,40901.01171875,40451.86328125,40820.19140625,40820.19140625,636596224
2022-02-18 02:00:00+00:00,40816.109375,40867.140625,40766.07421875,40790.828125,40790.828125,143591424
2022-02-18 02:30:00+00:00,40788.84765625,40788.84765625,40735.8671875,40764.80859375,40764.80859375,32851968
2022-02-18 03:00:00+00:00,40772.78515625,40784.76953125,40672.421875,40685.32421875,40685.32421875,50507776
2022-02-18 03:30:00+00:00,40689.25390625,40727.359375,40676.55078125,40722.9765625,40722.9765625,12892160
2022-02-18 04:00:00+00:00,40716.7578125,40743.26171875,40668.8515625,40735.734375,40735.734375,66385920
2022-02-18 04:30:00+00:00,40731.1484375,40765.6328125,40621.19921875,40643.3125,40643.3125,19331072
2022-02-18 05:00:00+00:00,40630.49609375,40633.7734375,40595.1953125,40633.7734375,40633.7734375,85854208
2022-02-18 05:30:00+00:00,40638.046875,40706.72265625,40638.046875,40682.12890625,40682.12890625,81780736
2022-02-18 06:00:00+00:00,40658.609375,40696.9375,40645.76171875,40679.12890625,40679.12890625,89100288
2022-02-18 06:30:00+00:00,40679.703125,40745.59375,40650.97265625,40718.984375,40718.984375,49254400
2022-02-18 07:00:00+00:00,40734.78515625,40790.6796875,40691.015625,40691.015625,40691.015625,86216704
2022-02-18 07:30:00+00:00,40686.60546875,40698.24609375,40632.8046875,40684.01171875,40684.01171875,136771584
2022-02-18 08:00:00+00:00,40686.45703125,40760.5546875,40686.45703125,40739.75390625,40739.75390625,70963200
2022-02-18 08:30:00+00:00,40740.41796875,40905.2890625,40729.2734375,40899.53515625,40899.53515625,139515904
2022-02-18 09:00:00+00:00,40900.921875,40900.921875,40810.4453125,40827.0234375,40827.0234375,41773056
2022-02-18 09:30:00+00:00,40855.7421875,40927.23828125,40855.7421875,40904.46875,40904.46875,6508544
2022-02-18 10:00:00+00:00,40905.6796875,40905.6796875,40762.75390625,40762.75390625,40762.75390625,35266560
2022-02-18 10:30:00+00:00,40763.64453125,40836.1796875,40759.4375,40832.890625,40832.890625,71430144
2022-02-18 11:00:00+00:00,40827.1328125,40827.1328125,40418.34375,40455.23828125,40455.23828125,167833600
2022-02-18 11:30:00+00:00,40447.30859375,40447.30859375,40232.27734375,40232.27734375,40232.27734375,224047104
2022-02-18 12:00:00+00:00,40246.625,40501.90625,40214.9296875,40438.26171875,40438.26171875,461326336
2022-02-18 12:30:00+00:00,40438.47265625,40455.22265625,40379.76953125,40452.09375,40452.09375,209637376
2022-02-18 13:00:00+00:00,40440.53125,40507.296875,40335.09765625,40335.09765625,40335.09765625,159707136
2022-02-18 13:30:00+00:00,40348.35546875,40451.125,40282.65234375,40418.74609375,40418.74609375,109215744
2022-02-18 14:00:00+00:00,40417.546875,40469.9921875,40344.4140625,40362.11328125,40362.11328125,0
2022-02-18 14:30:00+00:00,40384.703125,40395.609375,39790.1328125,40341.5546875,40341.5546875,1125148672
2022-02-18 15:00:00+00:00,40377.51953125,40589.92578125,40321.51171875,40321.51171875,40321.51171875,500037632
2022-02-18 15:30:00+00:00,40312.34375,40312.34375,39819.14453125,39838.37109375,39838.37109375,452499456
2022-02-18 16:00:00+00:00,39846.5703125,40252.00390625,39659.88671875,40252.00390625,40252.00390625,1039042560
2022-02-18 16:30:00+00:00,40230.8671875,40317.31640625,40158.06640625,40158.06640625,40158.06640625,197144576
2022-02-18 17:00:00+00:00,40119.92578125,40295.01171875,40058.640625,40177.640625,40177.640625,273172480
2022-02-18 17:30:00+00:00,40165.05859375,40165.05859375,40040.20703125,40083.37109375,40083.37109375,176113664
2022-02-18 18:00:00+00:00,40085.50390625,40085.50390625,39869.48828125,39996.16015625,39996.16015625,52580352
2022-02-18 18:30:00+00:00,39990.8515625,40174.98828125,39980.1171875,40152.671875,40152.671875,0
2022-02-18 19:00:00+00:00,40161.921875,40202.58203125,40096.9375,40202.58203125,40202.58203125,1011712
2022-02-18 19:30:00+00:00,40210.90625,40283.51171875,40135.75,40201.6953125,40201.6953125,98914304
2022-02-18 20:00:00+00:00,40210.16015625,40244.4609375,40100.45703125,40124.28125,40124.28125,5238784
2022-02-18 20:30:00+00:00,40119.2734375,40135.74609375,40016.5703125,40016.5703125,40016.5703125,27578368
2022-02-18 21:00:00+00:00,40016.03125,40143.9375,40016.03125,40106.92578125,40106.92578125,0
2022-02-18 21:30:00+00:00,40121.22265625,40121.22265625,40022.34375,40048.18359375,40048.18359375,0
2022-02-18 22:00:00+00:00,40039.578125,40051.94140625,39829.609375,39929.5078125,39929.5078125,17272832
2022-02-18 22:30:00+00:00,39908.58203125,39980.796875,39880.91796875,39979.3359375,39979.3359375,76531712
2022-02-18 23:00:00+00:00,39975.77734375,40057.6875,39944.8359375,40056.734375,40056.734375,37433344
2022-02-18 23:30:00+00:00,40066.13671875,40080.8515625,40031.390625,40031.390625,40031.390625,0
2022-02-19 00:00:00+00:00,40026.0234375,40171.0234375,39986.84765625,40171.0234375,40171.0234375,29962240
2022-02-19 00:30:00+00:00,40157.48046875,40205.37109375,40150.3125,40185.8515625,40185.8515625,21659648
2022-02-19 01:00:00+00:00,40187.72265625,40265.328125,40187.72265625,40226.3046875,40226.3046875,40411136
2022-02-19 01:30:00+00:00,40226.2734375,40233.67578125,40156.921875,40179.40234375,40179.40234375,4980736
2022-02-19 02:00:00+00:00,40184.921875,40189.73046875,40128.2890625,40157.17578125,40157.17578125,0
2022-02-19 02:30:00+00:00,40168.16796875,40212.8515625,40168.16796875,40190.140625,40190.140625,15915008
2022-02-19 03:00:00+00:00,40189.78515625,40213.94140625,40139.05859375,40140.08984375,40140.08984375,272994304
2022-02-19 03:30:00+00:00,40142.703125,40160.421875,40109.58984375,40145.71484375,40145.71484375,7921664
2022-02-19 04:00:00+00:00,40145.75390625,40209.3984375,40121.11328125,40209.3984375,40209.3984375,11425792
2022-02-19 04:30:00+00:00,40206.0859375,40244.15625,40172.44140625,40214.61328125,40214.61328125,21919744
2022-02-19 05:00:00+00:00,40229.125,40262.68359375,40201.37109375,40262.68359375,40262.68359375,22288384
2022-02-19 05:30:00+00:00,40265.50390625,40266.3125,40198.53125,40252.2734375,40252.2734375,9392128
2022-02-19 06:00:00+00:00,40252.36328125,40295.1796875,40245.26171875,40295.1796875,40295.1796875,21700608
2022-02-19 06:30:00+00:00,40296.51953125,40418.87890625,40289.16796875,40407.5390625,40407.5390625,151083008
2022-02-19 07:00:00+00:00,40402.90625,40402.90625,40298.15625,40331.12890625,40331.12890625,22505472
2022-02-19 07:30:00+00:00,40332.2890625,40340.84765625,40297.52734375,40297.52734375,40297.52734375,0
2022-02-19 08:00:00+00:00,40291.19921875,40306.546875,40244.59375,40244.59375,40244.59375,0
2022-02-19 08:30:00+00:00,40241.15625,40243.44140625,40069.57421875,40074.5078125,40074.5078125,24745984
2022-02-19 09:00:00+00:00,40071.16015625,40071.16015625,39980.1953125,40021.93359375,40021.93359375,35090432
2022-02-19 09:30:00+00:00,40023.12109375,40046.140625,39967.2890625,39978.9609375,39978.9609375,114757632
2022-02-19 10:00:00+00:00,39971.203125,39989.62890625,39871.94140625,39876.0,39876.0,32528384
2022-02-19 10:30:00+00:00,39876.9453125,39934.73046875,39845.25390625,39934.73046875,39934.73046875,99377152
2022-02-19 11:00:00+00:00,39939.92578125,40011.9296875,39925.08203125,39925.08203125,39925.08203125,33669120
2022-02-19 11:30:00+00:00,39932.42578125,39932.42578125,39756.265625,39825.6796875,39825.6796875,118896640
2022-02-19 12:00:00+00:00,39823.46875,39945.7421875,39752.76953125,39876.26953125,39876.26953125,56324096
2022-02-19 12:30:00+00:00,39835.30859375,39850.84765625,39780.2421875,39780.2421875,39780.2421875,18937856
2022-02-19 13:00:00+00:00,39782.34765625,39949.92578125,39724.72265625,39894.27734375,39894.27734375,88997888
2022-02-19 13:30:00+00:00,39888.453125,40053.49609375,39888.453125,40053.49609375,40053.49609375,65636352
2022-02-19 14:00:00+00:00,40046.78125,40046.78125,39921.26953125,39926.484375,39926.484375,1492992
2022-02-19 14:30:00+00:00,39918.6171875,39940.26953125,39860.8671875,39931.01171875,39931.01171875,0
2022-02-19 15:00:00+00:00,39924.0078125,39983.65625,39872.33984375,39982.6640625,39982.6640625,0
2022-02-19 15:30:00+00:00,39986.05078125,40000.7734375,39972.61328125,40000.7734375,40000.7734375,0
2022-02-19 16:00:00+00:00,40004.5546875,40288.19140625,39994.984375,40227.11328125,40227.11328125,0
2022-02-19 16:30:00+00:00,40222.52734375,40244.6796875,39974.22265625,39974.22265625,39974.22265625,0
2022-02-19 17:00:00+00:00,39975.08203125,40080.06640625,39960.95703125,40027.828125,40027.828125,10642432
2022-02-19 17:30:00+00:00,40030.6484375,40149.125,40030.6484375,40149.125,40149.125,0
2022-02-19 18:00:00+00:00,40152.3125,40152.3125,40082.40234375,40082.40234375,40082.40234375,0
2022-02-19 18:30:00+00:00,40084.625,40178.4140625,40084.625,40116.109375,40116.109375,0
2022-02-19 19:00:00+00:00,40127.390625,40127.390625,40013.14453125,40013.14453125,40013.14453125,12729344
2022-02-19 19:30:00+00:00,40041.81640625,40081.390625,39965.86328125,39968.39453125,39968.39453125,6251520
2022-02-19 20:00:00+00:00,39971.69140625,40058.0546875,39971.69140625,40054.17578125,40054.17578125,0
2022-02-19 20:30:00+00:00,40053.296875,40094.2734375,40026.125,40079.046875,40079.046875,1290240
2022-02-19 21:00:00+00:00,40080.62890625,40081.86328125,39882.80859375,39932.27734375,39932.27734375,46423040
2022-02-19 21:30:00+00:00,39933.1875,39963.0625,39930.5859375,39941.21875,39941.21875,20733952
2022-02-19 22:00:00+00:00,39941.30078125,40002.6640625,39941.30078125,39968.43359375,39968.43359375,54007808
2022-02-19 22:30:00+00:00,39996.984375,40052.3203125,39996.984375,40043.3125,40043.3125,34371584
2022-02-19 23:00:00+00:00,40039.2578125,40084.89453125,40008.5703125,40081.46484375,40081.46484375,20635648
2022-02-19 23:30:00+00:00,40075.07421875,40130.62109375,40056.38671875,40127.41015625,40127.41015625,30059520
2022-02-20 00:00:00+00:00,40104.53515625,40111.2109375,40011.66015625,40011.66015625,40011.66015625,0
2022-02-20 00:30:00+00:00,39996.734375,39996.734375,39923.546875,39939.76953125,39939.76953125,28082176
2022-02-20 01:00:00+00:00,39948.43359375,39955.93359375,39874.81640625,39949.0546875,39949.0546875,51940352
2022-02-20 01:30:00+00:00,39944.98046875,40028.2890625,39944.98046875,40026.90625,40026.90625,56896512
2022-02-20 02:00:00+00:00,40026.59375,40026.59375,39978.7265625,39995.453125,39995.453125,19376128
2022-02-20 02:30:00+00:00,39993.94921875,39998.5078125,39888.0078125,39888.0078125,39888.0078125,26604544
2022-02-20 03:00:00+00:00,39886.76171875,39899.34765625,39816.828125,39816.828125,39816.828125,59624448
2022-02-20 03:30:00+00:00,39828.44140625,39860.69140625,39785.703125,39814.62890625,39814.62890625,176728064
2022-02-20 04:00:00+00:00,39810.6015625,39834.73828125,39777.19140625,39800.78515625,39800.78515625,40986624
2022-02-20 04:30:00+00:00,39766.57421875,39769.37109375,39607.03125,39607.30859375,39607.30859375,276174848
2022-02-20 05:00:00+00:00,39603.33203125,39684.24609375,39584.109375,39626.73828125,39626.73828125,200424448
2022-02-20 05:30:00+00:00,39601.98046875,39601.98046875,39434.171875,39435.93359375,39435.93359375,334673920
2022-02-20 06:00:00+00:00,39427.61328125,39438.61328125,39021.83984375,39068.0234375,39068.0234375,850710528
2022-02-20 06:30:00+00:00,39054.7578125,39063.953125,38848.81640625,38857.8046875,38857.8046875,435793920
2022-02-20 07:00:00+00:00,38858.89453125,38907.84375,38759.55859375,38819.41015625,38819.41015625,233259008
2022-02-20 07:30:00+00:00,38816.1171875,38833.71484375,38727.546875,38813.1484375,38813.1484375,365636608
2022-02-20 08:00:00+00:00,38816.14453125,38825.6328125,38492.4140625,38492.4140625,38492.4140625,421266432
2022-02-20 08:30:00+00:00,38482.56640625,38482.56640625,38229.671875,38263.23828125,38263.23828125,560569344
2022-02-20 09:00:00+00:00,38246.39453125,38379.36328125,38195.6796875,38235.453125,38235.453125,471650304
2022-02-20 09:30:00+00:00,38227.94921875,38276.59375,38185.87890625,38251.90234375,38251.90234375,216152064
2022-02-20 10:00:00+00:00,38244.76953125,38354.0625,38244.76953125,38353.1953125,38353.1953125,160694272
2022-02-20 10:30:00+00:00,38342.49609375,38362.40234375,38223.4296875,38229.95703125,38229.95703125,69767168
2022-02-20 11:00:00+00:00,38222.78125,38279.3046875,38207.55078125,38266.9375,38266.9375,54321152
2022-02-20 11:30:00+00:00,38258.0546875,38339.46875,38223.265625,38337.90625,38337.90625,6170624
2022-02-20 12:00:00+00:00,38347.14453125,38553.80859375,38338.5546875,38431.28125,38431.28125,266942464
2022-02-20 12:30:00+00:00,38417.31640625,38417.31640625,38294.0078125,38294.859375,38294.859375,99774464
2022-02-20 13:00:00+00:00,38276.83984375,38296.3359375,38258.671875,38283.03515625,38283.03515625,0
2022-02-20 13:30:00+00:00,38246.36328125,38325.640625,38246.36328125,38306.64453125,38306.64453125,63055872
2022-02-20 14:00:00+00:00,38283.9765625,38283.9765625,38113.83203125,38263.1796875,38263.1796875,156803072
2022-02-20 14:30:00+00:00,38261.390625,38261.390625,38136.73046875,38221.44921875,38221.44921875,56317952
2022-02-20 15:00:00+00:00,38224.11328125,38274.1640625,38219.01171875,38247.5859375,38247.5859375,47826944
2022-02-20 15:30:00+00:00,38246.27734375,38385.88671875,38229.421875,38361.4453125,38361.4453125,139970560
2022-02-20 16:00:00+00:00,38362.80859375,38482.5234375,38352.3046875,38477.32421875,38477.32421875,46936064
2022-02-20 16:30:00+00:00,38460.5859375,38460.5859375,38309.7578125,38347.015625,38347.015625,43035648
2022-02-20 17:00:00+00:00,38343.3125,38390.1953125,38321.48828125,38379.15234375,38379.15234375,20001792
2022-02-20 17:30:00+00:00,38347.0,38347.0,38290.9296875,38321.51171875,38321.51171875,44508160
2022-02-20 18:00:00+00:00,38309.71484375,38360.18359375,38249.46484375,38329.2421875,38329.2421875,145435648
2022-02-20 18:30:00+00:00,38336.0859375,38447.6640625,38336.0859375,38438.44140625,38438.44140625,80535552
2022-02-20 19:00:00+00:00,38438.41796875,38441.4765625,38387.28125,38395.53125,38395.53125,6099968
2022-02-20 19:30:00+00:00,38400.46484375,38423.0,38388.18359375,38412.08203125,38412.08203125,7221248
2022-02-20 20:00:00+00:00,38413.57421875,38413.57421875,38314.296875,38337.97265625,38337.97265625,35410944
2022-02-20 20:30:00+00:00,38327.4140625,38364.00390625,38300.25,38331.03125,38331.03125,31120384
2022-02-20 21:00:00+00:00,38338.74609375,38361.3984375,38157.30859375,38158.78515625,38158.78515625,45174784
2022-02-20 21:30:00+00:00,38156.58203125,38219.03125,38121.0390625,38219.03125,38219.03125,236290048
2022-02-20 22:00:00+00:00,38221.015625,38366.3671875,38221.015625,38332.99609375,38332.99609375,168597504
2022-02-20 22:30:00+00:00,38331.21484375,38742.26171875,38328.03515625,38742.26171875,38742.26171875,475381760
2022-02-20 23:00:00+00:00,38759.0390625,38865.77734375,38573.1796875,38588.51171875,38588.51171875,435625984
2022-02-20 23:30:00+00:00,38589.38671875,38695.58984375,38460.390625,38469.71875,38469.71875,118867968
2022-02-21 00:00:00+00:00,38423.2109375,38443.04296875,38288.4296875,38339.19921875,38339.19921875,231221248
2022-02-21 00:30:00+00:00,38343.78125,38590.00390625,38342.91796875,38590.00390625,38590.00390625,162594816
2022-02-21 01:00:00+00:00,38659.70703125,39045.6640625,38630.65625,38992.69921875,38992.69921875,800069632
2022-02-21 01:30:00+00:00,38989.76171875,39269.18359375,38989.76171875,39230.74609375,39230.74609375,583366656
2022-02-21 02:00:00+00:00,39158.6796875,39180.6640625,39090.2578125,39100.453125,39100.453125,177276928
2022-02-21 02:30:00+00:00,39098.16015625,39212.35546875,39098.16015625,39186.76171875,39186.76171875,208582656
2022-02-21 03:00:00+00:00,39169.734375,39207.29296875,39111.41796875,39175.3046875,39175.3046875,109377536
2022-02-21 03:30:00+00:00,39173.984375,39173.984375,38895.16015625,38954.7421875,38954.7421875,76443648
2022-02-21 04:00:00+00:00,38954.62109375,39028.6328125,38948.40234375,39005.6953125,39005.6953125,46067712
2022-02-21 04:30:00+00:00,39004.76953125,39329.80078125,39004.76953125,39321.70703125,39321.70703125,258383872
2022-02-21 05:00:00+00:00,39315.4921875,39379.7578125,39265.453125,39379.7578125,39379.7578125,34152448
2022-02-21 05:30:00+00:00,39370.6796875,39394.4375,39242.85546875,39242.85546875,39242.85546875,137170944
2022-02-21 06:00:00+00:00,39241.76171875,39242.13671875,39206.99609375,39235.18359375,39235.18359375,8763392
2022-02-21 06:30:00+00:00,39237.6328125,39259.6640625,39219.75,39226.96875,39226.96875,0
2022-02-21 07:00:00+00:00,39229.57421875,39232.2265625,39125.96875,39188.65234375,39188.65234375,12845056
2022-02-21 07:30:00+00:00,39205.04296875,39291.76953125,39177.91796875,39291.76953125,39291.76953125,44533760
2022-02-21 08:00:00+00:00,39293.7109375,39347.8125,39242.77734375,39242.77734375,39242.77734375,60891136
2022-02-21 08:30:00+00:00,39238.57421875,39256.78125,39119.83203125,39119.83203125,39119.83203125,0
2022-02-21 09:00:00+00:00,39083.76953125,39083.76953125,38989.9921875,39066.7109375,39066.7109375,0
2022-02-21 09:30:00+00:00,39062.296875,39075.6953125,39026.0703125,39026.0703125,39026.0703125,9605120
2022-02-21 10:00:00+00:00,38967.88671875,38998.17578125,38678.046875,38680.7578125,38680.7578125,86300672
2022-02-21 10:30:00+00:00,38678.8046875,38678.8046875,38394.7421875,38413.22265625,38413.22265625,357656576
2022-02-21 11:00:00+00:00,38411.734375,38451.65625,38321.54296875,38321.54296875,38321.54296875,100327424
2022-02-21 11:30:00+00:00,38323.890625,38323.890625,37540.6328125,37644.72265625,37644.72265625,980752384
2022-02-21 12:00:00+00:00,37626.46875,37723.0703125,37551.61328125,37665.1015625,37665.1015625,403664896
2022-02-21 12:30:00+00:00,37657.6875,37684.515625,37493.86328125,37534.10546875,37534.10546875,270454784
2022-02-21 13:00:00+00:00,37530.94921875,37605.1875,37357.99609375,37457.0234375,37457.0234375,618381312
2022-02-21 13:30:00+00:00,37444.98046875,37596.18359375,37434.6640625,37596.18359375,37596.18359375,369758208
2022-02-21 14:00:00+00:00,37584.5234375,38736.46484375,37561.578125,38722.6796875,38722.6796875,1909569536
2022-02-21 14:30:00+00:00,38721.27734375,38752.44140625,38556.16796875,38752.44140625,38752.44140625,720048128
2022-02-21 15:00:00+00:00,38746.08984375,39148.640625,38702.4296875,38807.96875,38807.96875,1063565312
2022-02-21 15:30:00+00:00,38809.0546875,38934.66796875,38793.82421875,38810.9765625,38810.9765625,364752896
2022-02-21 16:00:00+00:00,38816.38671875,39046.859375,38816.38671875,38885.14453125,38885.14453125,254425088
2022-02-21 16:30:00+00:00,38869.7734375,38931.85546875,38842.40234375,38842.40234375,38842.40234375,136744960
2022-02-21 17:00:00+00:00,38807.18359375,38836.6875,38758.94921875,38832.7734375,38832.7734375,234229760
2022-02-21 17:30:00+00:00,38825.484375,38825.484375,38578.484375,38585.7265625,38585.7265625,88125440
2022-02-21 18:00:00+00:00,38577.30859375,38606.83203125,37755.15625,37755.15625,37755.15625,467386368
2022-02-21 18:30:00+00:00,37728.92578125,38289.6796875,37672.26953125,37869.140625,37869.140625,910389248
2022-02-21 19:00:00+00:00,37845.78125,37924.1953125,37743.12109375,37785.8359375,37785.8359375,655896576
2022-02-21 19:30:00+00:00,37790.87890625,38147.63671875,37790.87890625,38147.63671875,38147.63671875,1133762560
2022-02-21 20:00:00+00:00,38147.5859375,38224.78515625,38049.83203125,38112.1953125,38112.1953125,213968896
2022-02-21 20:30:00+00:00,38119.3984375,38360.25390625,38115.95703125,38255.1796875,38255.1796875,328849408
2022-02-21 21:00:00+00:00,38256.41796875,38283.90625,38185.7578125,38261.22265625,38261.22265625,63995904
2022-02-21 21:30:00+00:00,38228.45703125,38228.45703125,37313.4296875,37335.65625,37335.65625,182636544
2022-02-21 22:00:00+00:00,37288.765625,37419.2734375,36950.4765625,37208.54296875,37208.54296875,1126447104
2022-02-21 22:30:00+00:00,37200.16796875,37620.96484375,37169.93359375,37584.71484375,37584.71484375,520077312
2022-02-21 23:00:00+00:00,37565.79296875,37614.60546875,37211.81640625,37327.16796875,37327.16796875,138022912
2022-02-21 23:30:00+00:00,37272.76953125,37272.76953125,36993.72265625,37032.1875,37032.1875,397039616
2022-02-22 00:00:00+00:00,37068.76953125,37172.8359375,36969.58984375,37103.890625,37103.890625,419399680
2022-02-22 00:30:00+00:00,37141.15625,37282.71875,37141.15625,37225.6953125,37225.6953125,369127424
2022-02-22 01:00:00+00:00,37233.51953125,37247.8515625,36986.03125,36986.03125,36986.03125,0
2022-02-22 01:30:00+00:00,36982.2109375,37377.80859375,36971.48046875,37264.77734375,37264.77734375,253773824
2022-02-22 02:00:00+00:00,37273.88671875,37273.88671875,37016.28125,37016.28125,37016.28125,30033920
2022-02-22 02:30:00+00:00,37006.0390625,37096.70703125,36981.16015625,37015.19921875,37015.19921875,196093952
2022-02-22 03:00:00+00:00,37034.625,37034.625,36488.93359375,36621.0859375,36621.0859375,684662784
2022-02-22 03:30:00+00:00,36649.16796875,36649.16796875,36524.5078125,36581.28515625,36581.28515625,368345088
2022-02-22 04:00:00+00:00,36586.1953125,36730.6953125,36586.1953125,36706.125,36706.125,322162688
2022-02-22 04:30:00+00:00,36722.6328125,36762.16796875,36675.33203125,36675.33203125,36675.33203125,157528064
2022-02-22 05:00:00+00:00,36672.93359375,36780.91015625,36629.5859375,36777.58203125,36777.58203125,203061248
2022-02-22 05:30:00+00:00,36787.046875,37135.26171875,36787.046875,36892.484375,36892.484375,421912576
2022-02-22 06:00:00+00:00,36873.85546875,36873.85546875,36732.78125,36732.78125,36732.78125,125263872
2022-02-22 06:30:00+00:00,36733.44140625,36918.83203125,36718.9375,36851.28515625,36851.28515625,382001152
2022-02-22 07:00:00+00:00,36849.21875,36944.17578125,36711.53515625,36711.58984375,36711.58984375,206936064
2022-02-22 07:30:00+00:00,36714.2421875,36892.87890625,36691.90625,36885.765625,36885.765625,215947264
2022-02-22 08:00:00+00:00,36872.74609375,36996.23828125,36808.31640625,36996.23828125,36996.23828125,221898752
2022-02-22 08:30:00+00:00,37012.5234375,37112.84765625,36945.31640625,37110.82421875,37110.82421875,260724736
2022-02-22 09:00:00+00:00,37121.34765625,37137.41015625,37059.09375,37072.41796875,37072.41796875,62212096
2022-02-22 09:30:00+00:00,37068.90625,37232.44140625,37068.90625,37156.53515625,37156.53515625,247975936
2022-02-22 10:00:00+00:00,37153.55859375,37417.91796875,37123.41015625,37414.15625,37414.15625,276291584
2022-02-22 10:30:00+00:00,37438.62890625,37742.63671875,37402.40234375,37739.25390625,37739.25390625,500273152
2022-02-22 11:00:00+00:00,37726.9453125,37726.9453125,37569.21875,37576.79296875,37576.79296875,49930240
2022-02-22 11:30:00+00:00,37570.1875,37664.28125,37505.29296875,37592.30078125,37592.30078125,54286336
2022-02-22 12:00:00+00:00,37549.92578125,37699.42578125,37389.76953125,37644.00390625,37644.00390625,163803136
2022-02-22 12:30:00+00:00,37651.25390625,37672.80859375,37582.30078125,37606.171875,37606.171875,15603712
2022-02-22 13:00:00+00:00,37614.13671875,37639.17578125,37449.5078125,37518.98046875,37518.98046875,9699328
2022-02-22 13:30:00+00:00,37516.42578125,37788.05078125,37489.66015625,37788.05078125,37788.05078125,113975296
2022-02-22 14:00:00+00:00,37805.640625,37850.14453125,37545.97265625,37580.1484375,37580.1484375,20455424
2022-02-22 14:30:00+00:00,37585.796875,38132.61328125,37531.47265625,38132.61328125,38132.61328125,851433472
2022-02-22 15:00:00+00:00,38117.15625,38117.15625,37991.05859375,38074.03125,38074.03125,5093376
2022-02-22 15:30:00+00:00,38113.390625,38113.390625,37842.3984375,37843.10546875,37843.10546875,52406272
2022-02-22 16:00:00+00:00,37819.30078125,37868.51171875,37563.69921875,37719.49609375,37719.49609375,133990400
2022-02-22 16:30:00+00:00,37716.3125,37758.390625,37597.28125,37678.515625,37678.515625,211361792
2022-02-22 17:00:00+00:00,37691.53125,37789.92578125,37468.41015625,37533.3515625,37533.3515625,94074880
2022-02-22 17:30:00+00:00,37529.39453125,37670.3203125,37510.51171875,37665.86328125,37665.86328125,217294848
2022-02-22 18:00:00+00:00,37664.65234375,37725.33203125,37618.99609375,37690.0078125,37690.0078125,0
2022-02-22 18:30:00+00:00,37652.984375,37886.04296875,37645.74609375,37758.890625,37758.890625,196698112
2022-02-22 19:00:00+00:00,37750.0078125,37885.81640625,37686.0234375,37874.36328125,37874.36328125,223408128
2022-02-22 19:30:00+00:00,37871.46484375,38090.578125,37871.46484375,38083.5859375,38083.5859375,259696640
2022-02-22 20:00:00+00:00,38084.04296875,38219.25,38009.8671875,38069.25,38069.25,173987840
2022-02-22 20:30:00+00:00,38062.41796875,38062.41796875,37864.6953125,37937.8203125,37937.8203125,139309056
2022-02-22 21:00:00+00:00,37937.34765625,38004.44921875,37937.34765625,37964.9375,37964.9375,57825280
2022-02-22 21:30:00+00:00,37969.671875,38013.33984375,37922.4453125,37922.4453125,37922.4453125,79872
2022-02-22 22:00:00+00:00,37897.12890625,37948.11328125,37875.5859375,37875.5859375,37875.5859375,0
2022-02-22 22:30:00+00:00,37872.375,37927.3515625,37816.66015625,37873.625,37873.625,0
2022-02-22 23:00:00+00:00,37884.5546875,38042.88671875,37884.5546875,38030.8671875,38030.8671875,0
2022-02-22 23:30:00+00:00,38096.79296875,38351.02734375,38065.5390625,38303.078125,38303.078125,239532032
2022-02-23 00:00:00+00:00,38285.28125,38321.34375,38218.96484375,38227.390625,38227.390625,192512
2022-02-23 00:30:00+00:00,38222.43359375,38222.43359375,38135.046875,38162.34375,38162.34375,19099648
2022-02-23 01:00:00+00:00,38155.09765625,38155.09765625,38088.578125,38109.33203125,38109.33203125,16533504
2022-02-23 01:30:00+00:00,38112.953125,38112.953125,38003.5,38058.6484375,38058.6484375,120891392
2022-02-23 02:00:00+00:00,38062.6171875,38188.4453125,37935.1328125,37935.1328125,37935.1328125,62638080
2022-02-23 02:30:00+00:00,37939.359375,37939.359375,37676.25,37706.32421875,37706.32421875,204230656
2022-02-23 03:00:00+00:00,37697.953125,37804.80859375,37697.953125,37804.80859375,37804.80859375,0
2022-02-23 03:30:00+00:00,37809.67578125,37817.4375,37755.1953125,37781.2578125,37781.2578125,0
2022-02-23 04:00:00+00:00,37784.96875,37968.9375,37777.3515625,37932.01171875,37932.01171875,54276096
2022-02-23 04:30:00+00:00,37923.0703125,38061.44921875,37892.49609375,38012.78515625,38012.78515625,98330624
2022-02-23 05:00:00+00:00,38027.09375,38113.9140625,37905.41796875,37905.41796875,37905.41796875,28747776
2022-02-23 05:30:00+00:00,37911.57421875,37997.73828125,37911.57421875,37997.73828125,37997.73828125,14651392
2022-02-23 06:00:00+00:00,37984.53125,38111.31640625,37984.53125,38059.70703125,38059.70703125,133548032
2022-02-23 06:30:00+00:00,38067.796875,38069.23828125,37981.0859375,37989.74609375,37989.74609375,0
2022-02-23 07:00:00+00:00,37999.2109375,38121.52734375,37999.2109375,38101.09765625,38101.09765625,0
2022-02-23 07:30:00+00:00,38082.88671875,38185.3984375,38073.5234375,38163.96484375,38163.96484375,114708480
2022-02-23 08:00:00+00:00,38163.79296875,38621.07421875,38128.9609375,38621.07421875,38621.07421875,506312704
2022-02-23 08:30:00+00:00,38615.02734375,38726.3515625,38615.02734375,38643.03125,38643.03125,517908480
2022-02-23 09:00:00+00:00,38651.6484375,38905.1953125,38626.54296875,38828.00390625,38828.00390625,422676480
2022-02-23 09:30:00+00:00,38792.87890625,38853.40234375,38786.77734375,38851.01953125,38851.01953125,83083264
2022-02-23 10:00:00+00:00,38878.48828125,38917.26953125,38818.01171875,38913.1328125,38913.1328125,28979200
2022-02-23 10:30:00+00:00,38900.48046875,38914.91015625,38854.1875,38871.3828125,38871.3828125,0
2022-02-23 11:00:00+00:00,38874.15234375,38897.01171875,38862.48828125,38862.48828125,38862.48828125,2437120
2022-02-23 11:30:00+00:00,38863.55078125,38863.55078125,38851.19140625,38851.19140625,38851.19140625,0
2022-02-23 12:00:00+00:00,38851.19140625,38851.19140625,38851.19140625,38851.19140625,38851.19140625,0
2022-02-23 12:30:00+00:00,38851.46484375,38851.46484375,38832.19921875,38832.19921875,38832.19921875,1123186688
2022-02-23 13:00:00+00:00,39043.73828125,39122.39453125,39043.73828125,39053.9921875,39053.9921875,1097891840
2022-02-23 13:30:00+00:00,39057.22265625,39057.22265625,38965.91796875,38965.91796875,38965.91796875,31268864
2022-02-23 14:00:00+00:00,38978.0,38978.3984375,38851.5234375,38912.28515625,38912.28515625,14704640
2022-02-23 14:30:00+00:00,38912.3984375,38945.0703125,38760.7578125,38760.7578125,38760.7578125,0
2022-02-23 15:00:00+00:00,38745.015625,38745.015625,38562.05078125,38590.83203125,38590.83203125,52230144
2022-02-23 15:30:00+00:00,38584.2109375,38619.89453125,38554.57421875,38554.57421875,38554.57421875,26505216
2022-02-23 16:00:00+00:00,38559.4921875,38562.78125,38417.25390625,38517.984375,38517.984375,29626368
2022-02-23 16:30:00+00:00,38511.046875,38692.359375,38511.046875,38687.484375,38687.484375,148090880
2022-02-23 17:00:00+00:00,38681.609375,38748.46484375,38638.59765625,38686.53125,38686.53125,43837440
2022-02-23 17:30:00+00:00,38688.24609375,38688.24609375,38172.64453125,38172.64453125,38172.64453125,138004480
2022-02-23 18:00:00+00:00,38172.921875,38172.921875,37879.8125,37879.8125,37879.8125,178718720
2022-02-23 18:30:00+00:00,37878.12109375,37944.25390625,37818.19140625,37826.47265625,37826.47265625,76185600
2022-02-23 19:00:00+00:00,37819.80859375,37866.390625,37772.5,37800.78515625,37800.78515625,104341504
2022-02-23 19:30:00+00:00,37807.2109375,37807.2109375,37636.23828125,37662.015625,37662.015625,42561536
2022-02-23 20:00:00+00:00,37661.68359375,37685.3359375,37535.2890625,37685.3359375,37685.3359375,90947584
2022-02-23 20:30:00+00:00,37696.72265625,37707.4609375,37640.0078125,37674.96875,37674.96875,99833856
2022-02-23 21:00:00+00:00,37683.92578125,37790.89453125,37659.5234375,37741.4140625,37741.4140625,89462784
2022-02-23 21:30:00+00:00,37741.09765625,37741.09765625,37534.03125,37581.19921875,37581.19921875,31107072
2022-02-23 22:00:00+00:00,37575.98828125,37594.75,37236.3203125,37436.5390625,37436.5390625,253388800
2022-02-23 22:30:00+00:00,37441.609375,37633.5546875,37441.609375,37631.80859375,37631.80859375,246548480
2022-02-23 23:00:00+00:00,37634.9140625,37680.6875,37216.3046875,37318.09375,37318.09375,384544768
2022-02-23 23:30:00+00:00,37316.52734375,37375.48046875,37309.37890625,37309.37890625,37309.37890625,46475264
2022-02-24 00:00:00+00:00,37278.56640625,37381.97265625,37227.796875,37342.65234375,37342.65234375,167790592
2022-02-24 00:30:00+00:00,37309.1875,37309.1875,36826.171875,36850.484375,36850.484375,356675584
2022-02-24 01:00:00+00:00,36849.56640625,36934.23828125,36805.765625,36805.765625,36805.765625,170061824
2022-02-24 01:30:00+00:00,36804.35546875,36999.63671875,36761.203125,36973.87890625,36973.87890625,340441088
2022-02-24 02:00:00+00:00,36972.1328125,37019.93359375,36962.51171875,36983.28125,36983.28125,110145536
2022-02-24 02:30:00+00:00,36973.47265625,37012.1484375,36420.9296875,36420.9296875,36420.9296875,197177344
2022-02-24 03:00:00+00:00,36386.98828125,36386.98828125,35439.55078125,35594.21484375,35594.21484375,2060935168
2022-02-24 03:30:00+00:00,35552.10546875,35552.10546875,35121.2734375,35175.21875,35175.21875,1623865344
2022-02-24 04:00:00+00:00,35148.0859375,35148.0859375,34752.75,34900.77734375,34900.77734375,1608192000
2022-02-24 04:30:00+00:00,34873.84765625,35118.15234375,34847.1953125,35076.77734375,35076.77734375,1080965120
2022-02-24 05:00:00+00:00,35090.55078125,35104.6171875,34783.05078125,34783.05078125,34783.05078125,372088832
2022-02-24 05:30:00+00:00,34780.42578125,34780.42578125,34459.21875,34765.265625,34765.265625,1250637824
2022-02-24 06:00:00+00:00,34732.52734375,34970.6953125,34690.08984375,34880.0390625,34880.0390625,754323456
2022-02-24 06:30:00+00:00,34881.2890625,35009.16796875,34828.296875,34904.0625,34904.0625,494503936
2022-02-24 07:00:00+00:00,34895.5546875,34938.43359375,34707.83203125,34732.3671875,34732.3671875,389476352
2022-02-24 07:30:00+00:00,34684.8125,35317.53515625,34519.19140625,35277.82421875,35277.82421875,1578606592
2022-02-24 08:00:00+00:00,35302.89453125,35679.9453125,35274.11328125,35484.7109375,35484.7109375,1037828096
2022-02-24 08:30:00+00:00,35472.3125,35582.66796875,35327.35546875,35555.890625,35555.890625,281559040
2022-02-24 09:00:00+00:00,35546.4765625,35734.6171875,35509.734375,35734.6171875,35734.6171875,274636800
2022-02-24 09:30:00+00:00,35731.41796875,35743.78125,35420.2734375,35420.2734375,35420.2734375,243994624
2022-02-24 10:00:00+00:00,35408.3046875,35448.8984375,35019.0390625,35049.21484375,35049.21484375,367140864
2022-02-24 10:30:00+00:00,35042.49609375,35232.4765625,34997.80078125,35215.9609375,35215.9609375,683646976
2022-02-24 11:00:00+00:00,35223.17578125,35230.52734375,35058.59375,35113.140625,35113.140625,319807488
2022-02-24 11:30:00+00:00,35116.6953125,35469.50390625,34997.01171875,35400.265625,35400.265625,676958208
2022-02-24 12:00:00+00:00,35407.56640625,35436.9375,35229.51953125,35266.05078125,35266.05078125,233709568
2022-02-24 12:30:00+00:00,35264.91796875,35354.81640625,35160.3359375,35300.26171875,35300.26171875,341372928
2022-02-24 13:00:00+00:00,35298.203125,35394.50390625,35202.859375,35355.07421875,35355.07421875,279207936
2022-02-24 13:30:00+00:00,35357.7578125,35649.4375,35357.7578125,35632.30859375,35632.30859375,691171328
2022-02-24 14:00:00+00:00,35610.6875,35667.66015625,35376.8359375,35376.8359375,35376.8359375,188428288
2022-02-24 14:30:00+00:00,35380.734375,35789.734375,35359.43359375,35646.77734375,35646.77734375,1289883648
2022-02-24 15:00:00+00:00,35670.296875,36002.14453125,35539.6171875,35738.37109375,35738.37109375,818401280
2022-02-24 15:30:00+00:00,35722.1953125,35983.625,35678.44921875,35967.6484375,35967.6484375,757776384
2022-02-24 16:00:00+00:00,35963.546875,36252.9453125,35943.77734375,36161.1328125,36161.1328125,615755776
2022-02-24 16:30:00+00:00,36183.46484375,36183.46484375,35996.86328125,36161.0390625,36161.0390625,281825280
2022-02-24 17:00:00+00:00,36167.09765625,36174.88671875,35852.92578125,35942.50390625,35942.50390625,130854912
2022-02-24 17:30:00+00:00,35932.78515625,35995.16796875,35895.50390625,35920.4921875,35920.4921875,172728320
2022-02-24 18:00:00+00:00,35922.3515625,36034.8359375,35880.12890625,35949.2578125,35949.2578125,80310272
2022-02-24 18:30:00+00:00,35935.59375,36656.37109375,35908.5859375,36523.625,36523.625,1260916736
2022-02-24 19:00:00+00:00,36518.23046875,36650.91015625,36381.0625,36595.109375,36595.109375,656863232
2022-02-24 19:30:00+00:00,36600.27734375,37205.52734375,36600.27734375,37159.109375,37159.109375,1387569152
2022-02-24 20:00:00+00:00,37188.7109375,38968.83984375,37188.7109375,38594.30859375,38594.30859375,4393684992
2022-02-24 20:30:00+00:00,38543.06640625,38543.06640625,38209.00390625,38360.78125,38360.78125,800337920
2022-02-24 21:00:00+00:00,38365.328125,38442.29296875,38291.5703125,38375.82421875,38375.82421875,417751040
2022-02-24 21:30:00+00:00,38377.76171875,38520.77734375,38273.5859375,38477.8203125,38477.8203125,305582080
2022-02-24 22:00:00+00:00,38450.7421875,38450.7421875,38354.91796875,38378.625,38378.625,72679424
2022-02-24 22:30:00+00:00,38369.94140625,38369.94140625,37847.046875,37847.046875,37847.046875,87265280
2022-02-24 23:00:00+00:00,37857.73046875,38229.29296875,37857.73046875,38173.5703125,38173.5703125,294928384
2022-02-24 23:30:00+00:00,38199.12109375,38327.19921875,38199.12109375,38322.6171875,38322.6171875,143523840
2022-02-25 00:00:00+00:00,38333.74609375,38675.14453125,38296.26953125,38675.14453125,38675.14453125,478588928
2022-02-25 00:30:00+00:00,38643.55859375,38643.55859375,38301.53125,38301.53125,38301.53125,0
2022-02-25 01:00:00+00:00,38272.53515625,38781.53125,38223.984375,38653.140625,38653.140625,640110592
2022-02-25 01:30:00+00:00,38654.80859375,38658.296875,38470.45703125,38500.87109375,38500.87109375,102035456
2022-02-25 02:00:00+00:00,38512.90234375,38656.41015625,38512.90234375,38656.41015625,38656.41015625,176185344
2022-02-25 02:30:00+00:00,38664.23046875,38768.55859375,38649.3125,38762.16796875,38762.16796875,250417152
2022-02-25 03:00:00+00:00,38762.71875,38764.49609375,38582.20703125,38582.5,38582.5,0
2022-02-25 03:30:00+00:00,38585.3203125,38886.2109375,38580.45703125,38886.2109375,38886.2109375,80551936
2022-02-25 04:00:00+00:00,38890.68359375,38891.0234375,38790.375,38801.3828125,38801.3828125,0
2022-02-25 04:30:00+00:00,38802.0234375,38802.0234375,38696.1875,38764.234375,38764.234375,0
2022-02-25 05:00:00+00:00,38751.71484375,38785.8046875,38430.140625,38548.734375,38548.734375,17858560
2022-02-25 05:30:00+00:00,38531.26953125,38592.76171875,38508.234375,38508.234375,38508.234375,0
2022-02-25 06:00:00+00:00,38502.07421875,38668.05859375,38454.34765625,38629.90625,38629.90625,55574528
2022-02-25 06:30:00+00:00,38610.90234375,38731.8515625,38563.04296875,38731.8515625,38731.8515625,254222336
2022-02-25 07:00:00+00:00,38726.74609375,38790.04296875,38571.58203125,38574.18359375,38574.18359375,1241088
2022-02-25 07:30:00+00:00,38571.53125,38609.0703125,38466.796875,38466.796875,38466.796875,0
2022-02-25 08:00:00+00:00,38494.2109375,38505.9140625,38270.08984375,38270.22265625,38270.22265625,0
2022-02-25 08:30:00+00:00,38332.90234375,38440.96484375,38327.8828125,38407.7734375,38407.7734375,113434624
2022-02-25 09:00:00+00:00,38411.66796875,38433.76171875,38121.90625,38121.90625,38121.90625,0
2022-02-25 09:30:00+00:00,38119.66015625,38538.00390625,38111.34375,38538.00390625,38538.00390625,215650304
2022-02-25 10:00:00+00:00,38657.30078125,38657.30078125,38565.73046875,38610.8984375,38610.8984375,149393408
2022-02-25 10:30:00+00:00,38616.41015625,38655.796875,38557.66796875,38565.20703125,38565.20703125,0
2022-02-25 11:00:00+00:00,38562.20703125,38586.05859375,38416.52734375,38550.640625,38550.640625,90746880
2022-02-25 11:30:00+00:00,38563.85546875,38738.11328125,38554.5390625,38738.11328125,38738.11328125,88178688
2022-02-25 12:00:00+00:00,38747.8046875,38983.82421875,38747.8046875,38854.984375,38854.984375,401199104
2022-02-25 12:30:00+00:00,38863.37890625,39309.9921875,38819.25390625,39305.58984375,39305.58984375,618061824
2022-02-25 13:00:00+00:00,39301.625,39404.6328125,39300.6640625,39332.68359375,39332.68359375,266539008
2022-02-25 13:30:00+00:00,39323.44140625,39599.93359375,39323.44140625,39366.48828125,39366.48828125,417251328
2022-02-25 14:00:00+00:00,39362.9609375,39362.9609375,39166.53125,39209.046875,39209.046875,109764608
2022-02-25 14:30:00+00:00,39225.25,39343.9140625,39165.7421875,39194.81640625,39194.81640625,82284544
2022-02-25 15:00:00+00:00,39174.20703125,39264.765625,38789.8359375,39264.765625,39264.765625,318541824
2022-02-25 15:30:00+00:00,39266.38671875,39370.77734375,39143.6015625,39370.77734375,39370.77734375,198758400
2022-02-25 16:00:00+00:00,39419.015625,39512.12109375,39310.83984375,39312.359375,39312.359375,33527808
2022-02-25 16:30:00+00:00,39321.0859375,39349.1796875,39246.234375,39349.1796875,39349.1796875,18364416
2022-02-25 17:00:00+00:00,39360.1875,39374.3046875,39058.4921875,39134.7890625,39134.7890625,41822208
2022-02-25 17:30:00+00:00,39142.90625,39209.015625,38984.45703125,38984.45703125,38984.45703125,99004416
2022-02-25 18:00:00+00:00,38994.546875,39017.4453125,38689.16796875,38811.6953125,38811.6953125,120569856
2022-02-25 18:30:00+00:00,38798.48046875,38861.12890625,38678.79296875,38678.79296875,38678.79296875,16965632
2022-02-25 19:00:00+00:00,38674.58984375,38898.328125,38609.6484375,38883.7109375,38883.7109375,468992
2022-02-25 19:30:00+00:00,38888.078125,38888.078125,38693.421875,38741.1328125,38741.1328125,71331840
2022-02-25 20:00:00+00:00,38734.296875,38831.14453125,38698.4375,38780.9296875,38780.9296875,0
2022-02-25 20:30:00+00:00,38778.06640625,39149.8359375,38769.0,39107.34765625,39107.34765625,61173760
2022-02-25 21:00:00+00:00,39107.234375,39189.6640625,39065.3515625,39094.75390625,39094.75390625,0
2022-02-25 21:30:00+00:00,39095.21484375,39115.1796875,39005.1015625,39005.1015625,39005.1015625,0
2022-02-25 22:00:00+00:00,38986.578125,39005.44140625,38933.91015625,38986.75,38986.75,0
2022-02-25 22:30:00+00:00,38984.6796875,39373.7421875,38947.765625,39324.60546875,39324.60546875,230658048
2022-02-25 23:00:00+00:00,39335.44921875,39472.828125,39276.2109375,39453.6484375,39453.6484375,259188736
2022-02-25 23:30:00+00:00,39452.32421875,39509.6015625,39199.5546875,39205.68359375,39205.68359375,248369152
2022-02-26 00:00:00+00:00,39213.08203125,39331.79296875,39174.82421875,39312.19921875,39312.19921875,105519104
2022-02-26 00:30:00+00:00,39342.03515625,40005.34765625,39317.14453125,39761.125,39761.125,1248911360
2022-02-26 01:00:00+00:00,39771.59765625,39802.59765625,39704.3671875,39759.87109375,39759.87109375,34775040
2022-02-26 01:30:00+00:00,39759.98828125,39759.98828125,39629.9140625,39694.875,39694.875,5912576
2022-02-26 02:00:00+00:00,39704.7890625,39716.5546875,39637.36328125,39676.21875,39676.21875,58503168
2022-02-26 02:30:00+00:00,39681.09375,39681.09375,39553.4609375,39580.1484375,39580.1484375,0
2022-02-26 03:00:00+00:00,39582.8203125,39603.75,39360.80859375,39419.0703125,39419.0703125,430080
2022-02-26 03:30:00+00:00,39397.45703125,39449.32421875,39383.8515625,39418.765625,39418.765625,0
2022-02-26 04:00:00+00:00,39420.37890625,39447.359375,39340.58984375,39408.1796875,39408.1796875,45502464
2022-02-26 04:30:00+00:00,39407.7421875,39455.42578125,39402.24609375,39405.4453125,39405.4453125,30263296
2022-02-26 05:00:00+00:00,39404.65234375,39404.65234375,39240.609375,39240.609375,39240.609375,0
2022-02-26 05:30:00+00:00,39252.625,39268.59765625,39055.1953125,39055.1953125,39055.1953125,96063488
2022-02-26 06:00:00+00:00,39059.24609375,39171.125,39059.24609375,39163.36328125,39163.36328125,48603136
2022-02-26 06:30:00+00:00,39163.3359375,39205.09765625,39137.046875,39160.59765625,39160.59765625,48173056
2022-02-26 07:00:00+00:00,39155.3828125,39166.90234375,39023.0703125,39128.42578125,39128.42578125,32583680
2022-02-26 07:30:00+00:00,39111.98828125,39200.3515625,39087.96484375,39177.9921875,39177.9921875,14690304
2022-02-26 08:00:00+00:00,39180.0625,39420.13671875,39180.0625,39344.9453125,39344.9453125,99842048
2022-02-26 08:30:00+00:00,39354.72265625,39354.72265625,38813.38671875,38813.38671875,38813.38671875,141639680
2022-02-26 09:00:00+00:00,38821.6953125,38885.015625,38702.53515625,38857.0546875,38857.0546875,109164544
2022-02-26 09:30:00+00:00,38863.546875,38907.41796875,38784.45703125,38784.45703125,38784.45703125,0
2022-02-26 10:00:00+00:00,38806.06640625,38990.5703125,38806.06640625,38951.40234375,38951.40234375,49899520
2022-02-26 10:30:00+00:00,38952.61328125,39032.3359375,38936.21484375,39025.98046875,39025.98046875,64540672
2022-02-26 11:00:00+00:00,39027.37890625,39076.09375,38888.953125,38962.28515625,38962.28515625,27631616
2022-02-26 11:30:00+00:00,38968.0859375,39065.19140625,38947.6796875,38948.16015625,38948.16015625,1439744
2022-02-26 12:00:00+00:00,38967.6328125,38984.95703125,38886.71484375,38902.62109375,38902.62109375,0
2022-02-26 12:30:00+00:00,38892.1484375,38987.1328125,38889.6875,38987.1328125,38987.1328125,49063936
2022-02-26 13:00:00+00:00,38993.18359375,39135.125,38968.43359375,39134.76171875,39134.76171875,43356160
2022-02-26 13:30:00+00:00,39126.7734375,39181.2890625,39083.00390625,39090.359375,39090.359375,0
2022-02-26 14:00:00+00:00,39103.06640625,39143.50390625,39070.9296875,39116.6796875,39116.6796875,0
2022-02-26 14:30:00+00:00,39119.2890625,39258.59765625,39119.2890625,39196.6796875,39196.6796875,36395008
2022-02-26 15:00:00+00:00,39210.7265625,39275.26171875,39203.63671875,39239.42578125,39239.42578125,0
2022-02-26 15:30:00+00:00,39255.09375,39312.453125,39252.16796875,39252.16796875,39252.16796875,0
2022-02-26 16:00:00+00:00,39247.40625,39298.953125,39214.46875,39214.46875,39214.46875,0
2022-02-26 16:30:00+00:00,39210.15625,39210.15625,39118.640625,39171.453125,39171.453125,4773888
2022-02-26 17:00:00+00:00,39168.74609375,39206.9609375,39132.62890625,39202.3828125,39202.3828125,0
2022-02-26 17:30:00+00:00,39163.5078125,39276.9296875,39155.91015625,39270.86328125,39270.86328125,39458816
2022-02-26 18:00:00+00:00,39260.03515625,39261.4296875,38927.93359375,38966.9453125,38966.9453125,14682112
2022-02-26 18:30:00+00:00,38972.5546875,39088.09765625,38966.66015625,39082.4921875,39082.4921875,0
2022-02-26 19:00:00+00:00,39086.5625,39335.76171875,39086.5625,39335.76171875,39335.76171875,116451328
2022-02-26 19:30:00+00:00,39335.29296875,39338.2734375,39277.05859375,39278.53515625,39278.53515625,15448064
2022-02-26 20:00:00+00:00,39274.37890625,39302.875,39259.55859375,39302.875,39302.875,0
2022-02-26 20:30:00+00:00,39314.8984375,39389.8125,39314.8984375,39366.85546875,39366.85546875,0
2022-02-26 21:00:00+00:00,39365.23046875,39635.3203125,39325.30859375,39635.3203125,39635.3203125,372824064
2022-02-26 21:30:00+00:00,39626.921875,39626.921875,39376.421875,39429.62890625,39429.62890625,57683968
2022-02-26 22:00:00+00:00,39438.8515625,39451.8203125,39208.8046875,39251.7109375,39251.7109375,30472192
2022-02-26 22:30:00+00:00,39249.953125,39304.43359375,39184.0234375,39184.0234375,39184.0234375,45551616
2022-02-26 23:00:00+00:00,39164.6796875,39164.6796875,39038.1796875,39078.2109375,39078.2109375,32356352
2022-02-26 23:30:00+00:00,39084.98828125,39107.5,38982.51171875,39107.5,39107.5,0
2022-02-27 00:00:00+00:00,39098.69921875,39216.59375,39066.2421875,39066.2421875,39066.2421875,21813248
2022-02-27 00:30:00+00:00,39059.734375,39059.734375,38811.96875,38877.79296875,38877.79296875,100392960
2022-02-27 01:00:00+00:00,38831.09375,38851.54296875,38432.84375,38498.671875,38498.671875,250667008
2022-02-27 01:30:00+00:00,38486.7109375,38508.56640625,38431.078125,38442.703125,38442.703125,154600448
2022-02-27 02:00:00+00:00,38393.29296875,38487.0546875,38293.5,38479.234375,38479.234375,181109760
2022-02-27 02:30:00+00:00,38485.15625,38578.3515625,38485.15625,38578.3515625,38578.3515625,74215424
2022-02-27 03:00:00+00:00,38574.625,38649.94921875,38547.76953125,38649.94921875,38649.94921875,42084352
2022-02-27 03:30:00+00:00,38650.93359375,38654.40625,38619.265625,38629.29296875,38629.29296875,27768832
2022-02-27 04:00:00+00:00,38630.953125,38646.39453125,38584.11328125,38646.39453125,38646.39453125,21825536
2022-02-27 04:30:00+00:00,38644.16796875,38655.55859375,38525.5390625,38562.64453125,38562.64453125,25946112
2022-02-27 05:00:00+00:00,38569.70703125,38668.859375,38510.8515625,38663.47265625,38663.47265625,87946240
2022-02-27 05:30:00+00:00,38654.74609375,38730.62109375,38628.9375,38635.1796875,38635.1796875,37818368
2022-02-27 06:00:00+00:00,38621.265625,38750.18359375,38621.265625,38750.18359375,38750.18359375,65819648
2022-02-27 06:30:00+00:00,38742.05859375,38806.99609375,38732.26953125,38806.99609375,38806.99609375,90218496
2022-02-27 07:00:00+00:00,38795.40625,38858.125,38783.47265625,38853.37890625,38853.37890625,32090112
2022-02-27 07:30:00+00:00,38849.0234375,38866.28125,38813.43359375,38821.23046875,38821.23046875,15732736
2022-02-27 08:00:00+00:00,38823.04296875,38830.79296875,38710.82421875,38750.95703125,38750.95703125,20361216
2022-02-27 08:30:00+00:00,38775.12890625,38847.13671875,38702.96875,38826.25,38826.25,23340032
2022-02-27 09:00:00+00:00,38817.16015625,39046.84765625,38802.2109375,38976.33984375,38976.33984375,114104320
2022-02-27 09:30:00+00:00,38971.6875,39049.1953125,38931.2734375,39046.6796875,39046.6796875,64324608
2022-02-27 10:00:00+00:00,39039.75390625,39095.7890625,39023.21875,39095.7890625,39095.7890625,73379840
2022-02-27 10:30:00+00:00,39109.03125,39400.0546875,39109.03125,39346.46484375,39346.46484375,449325056
2022-02-27 11:00:00+00:00,39362.2109375,39471.86328125,39315.36328125,39471.86328125,39471.86328125,172390400
2022-02-27 11:30:00+00:00,39479.92578125,39496.16796875,39422.84375,39471.09765625,39471.09765625,166391808
2022-02-27 12:00:00+00:00,39473.71484375,39544.25,39412.08203125,39504.28515625,39504.28515625,134193152
2022-02-27 12:30:00+00:00,39498.83984375,39778.94140625,39478.640625,39757.46484375,39757.46484375,430362624
2022-02-27 13:00:00+00:00,39751.7890625,39752.19921875,39675.04296875,39688.36328125,39688.36328125,77201408
2022-02-27 13:30:00+00:00,39673.82421875,39673.82421875,38896.7734375,38990.68359375,38990.68359375,813533184
2022-02-27 14:00:00+00:00,39049.5078125,39124.125,38934.23046875,39052.19140625,39052.19140625,434251776
2022-02-27 14:30:00+00:00,39041.17578125,39041.17578125,38790.73046875,38790.73046875,38790.73046875,58984448
2022-02-27 15:00:00+00:00,38822.95703125,39316.5390625,38813.96484375,39316.5390625,39316.5390625,513181696
2022-02-27 15:30:00+00:00,39335.16015625,39350.29296875,39149.15234375,39341.23828125,39341.23828125,265967616
2022-02-27 16:00:00+00:00,39343.78125,39347.81640625,39160.625,39160.625,39160.625,54818816
2022-02-27 16:30:00+00:00,39146.22265625,39146.22265625,39032.59765625,39092.70703125,39092.70703125,132052992
2022-02-27 17:00:00+00:00,39090.9609375,39116.375,39040.4921875,39046.9609375,39046.9609375,71340032
2022-02-27 17:30:00+00:00,39053.26171875,39102.02734375,39035.60546875,39037.33984375,39037.33984375,32507904
2022-02-27 18:00:00+00:00,39030.3125,39100.83203125,38903.67578125,39061.58984375,39061.58984375,90906624
2022-02-27 18:30:00+00:00,39059.4296875,39088.1328125,38933.45703125,38933.45703125,38933.45703125,35303424
2022-02-27 19:00:00+00:00,38932.4375,38970.60546875,38673.6953125,38677.5859375,38677.5859375,210411520
2022-02-27 19:30:00+00:00,38629.4453125,38629.4453125,37851.1171875,37851.1171875,37851.1171875,870426624
2022-02-27 20:00:00+00:00,37682.09375,37829.5859375,37583.10546875,37583.10546875,37583.10546875,905621504
2022-02-27 20:30:00+00:00,37593.38671875,38171.11328125,37593.38671875,38010.140625,38010.140625,874682368
2022-02-27 21:00:00+00:00,37963.90234375,37995.2578125,37268.9765625,37376.87109375,37376.87109375,566300672
2022-02-27 21:30:00+00:00,37385.4375,37572.578125,37382.171875,37536.8515625,37536.8515625,460107776
2022-02-27 22:00:00+00:00,37509.39453125,37639.91796875,37465.44921875,37639.75390625,37639.75390625,255514624
2022-02-27 22:30:00+00:00,37638.60546875,37831.6015625,37638.60546875,37761.8984375,37761.8984375,276310016
2022-02-27 23:00:00+00:00,37811.32421875,37811.32421875,37470.85546875,37476.39453125,37476.39453125,208783360
2022-02-27 23:30:00+00:00,37508.1953125,37756.68359375,37508.1953125,37728.9609375,37728.9609375,361017344
2022-02-28 00:00:00+00:00,37706.0,37741.22265625,37625.2265625,37625.2265625,37625.2265625,171165696
2022-02-28 00:30:00+00:00,37622.0078125,37635.46875,37518.21484375,37518.21484375,37518.21484375,72759296
2022-02-28 01:00:00+00:00,37579.00390625,38141.29296875,37579.00390625,38083.83984375,38083.83984375,461645824
2022-02-28 01:30:00+00:00,38097.328125,38248.4296875,38097.328125,38123.453125,38123.453125,261281792
2022-02-28 02:00:00+00:00,38102.49609375,38102.49609375,37928.03515625,37928.03515625,37928.03515625,12851200
2022-02-28 02:30:00+00:00,37926.84765625,37930.54296875,37653.3515625,37659.01953125,37659.01953125,117712896
2022-02-28 03:00:00+00:00,37667.953125,37829.84765625,37667.953125,37829.84765625,37829.84765625,182663168
2022-02-28 03:30:00+00:00,37831.82421875,37860.29296875,37808.58984375,37813.01953125,37813.01953125,95604736
2022-02-28 04:00:00+00:00,37805.64453125,37998.0859375,37805.64453125,37871.59375,37871.59375,145475584
2022-02-28 04:30:00+00:00,37852.87890625,37854.7109375,37784.19921875,37812.5859375,37812.5859375,92751872
2022-02-28 05:00:00+00:00,37813.20703125,37961.49609375,37803.78515625,37908.94140625,37908.94140625,140488704
2022-02-28 05:30:00+00:00,37917.0,37940.28125,37838.63671875,37839.21484375,37839.21484375,73984000
2022-02-28 06:00:00+00:00,37844.98046875,37950.0234375,37585.359375,37727.78125,37727.78125,402022400
2022-02-28 06:30:00+00:00,37761.97265625,37939.01953125,37723.35546875,37939.01953125,37939.01953125,232896512
2022-02-28 07:00:00+00:00,37937.0625,38172.875,37937.0625,38151.80859375,38151.80859375,430710784
2022-02-28 07:30:00+00:00,38169.7265625,38354.0390625,38169.7265625,38316.3203125,38316.3203125,457150464
2022-02-28 08:00:00+00:00,38317.12890625,38543.13671875,38317.12890625,38405.48828125,38405.48828125,383313920
2022-02-28 08:30:00+00:00,38427.109375,38427.109375,38260.5078125,38322.0625,38322.0625,58804224
2022-02-28 09:00:00+00:00,38323.828125,38502.30859375,38321.09765625,38330.109375,38330.109375,174372864
2022-02-28 09:30:00+00:00,38331.03515625,38368.96484375,38310.5625,38356.4765625,38356.4765625,87353344
2022-02-28 10:00:00+00:00,38308.3984375,38312.9140625,38206.671875,38304.12109375,38304.12109375,157526016
2022-02-28 10:30:00+00:00,38283.515625,38387.6796875,38277.01171875,38329.21484375,38329.21484375,86398976
2022-02-28 11:00:00+00:00,38339.5,38403.3125,38216.546875,38268.75,38268.75,26081280
2022-02-28 11:30:00+00:00,38266.953125,38362.171875,38218.57421875,38351.70703125,38351.70703125,119844864
2022-02-28 12:00:00+00:00,38346.3125,38501.6796875,38245.7109375,38495.41015625,38495.41015625,336005120
2022-02-28 12:30:00+00:00,38493.26953125,38547.078125,38395.45703125,38405.6953125,38405.6953125,166266880
2022-02-28 13:00:00+00:00,38358.109375,38358.109375,38051.21875,38051.21875,38051.21875,89890816
2022-02-28 13:30:00+00:00,38057.78125,38089.109375,38008.01953125,38063.49609375,38063.49609375,57520128
2022-02-28 14:00:00+00:00,38047.171875,38807.91015625,38047.171875,38807.91015625,38807.91015625,1018044416
2022-02-28 14:30:00+00:00,39030.11328125,39632.90234375,39030.11328125,39632.90234375,39632.90234375,1790070784
2022-02-28 15:00:00+00:00,39671.36328125,40533.56640625,39649.05859375,40409.6171875,40409.6171875,2540498944
2022-02-28 15:30:00+00:00,40426.01171875,40734.47265625,40426.01171875,40734.47265625,40734.47265625,1006176256
2022-02-28 16:00:00+00:00,40743.92578125,41175.984375,40743.92578125,41159.35546875,41159.35546875,1419427840
2022-02-28 16:30:00+00:00,41156.61328125,41156.8203125,40907.12890625,41008.1875,41008.1875,611106816
2022-02-28 17:00:00+00:00,40999.04296875,41022.0859375,40835.33203125,40890.109375,40890.109375,432701440
2022-02-28 17:30:00+00:00,40897.9453125,41100.43359375,40862.0703125,41100.43359375,41100.43359375,434515968
2022-02-28 18:00:00+00:00,41121.28515625,41319.015625,41121.28515625,41205.98046875,41205.98046875,672581632
2022-02-28 18:30:00+00:00,41211.3203125,41226.734375,41127.87890625,41207.328125,41207.328125,239534080
2022-02-28 19:00:00+00:00,41202.8515625,41202.8515625,41078.9375,41142.03515625,41142.03515625,245000192
2022-02-28 19:30:00+00:00,41125.85546875,41308.18359375,41125.85546875,41308.18359375,41308.18359375,17459200
2022-02-28 20:00:00+00:00,41311.30078125,41623.53125,41311.30078125,41621.45703125,41621.45703125,352894976
2022-02-28 20:30:00+00:00,41605.00390625,41823.58203125,41508.25,41792.03515625,41792.03515625,217817088
2022-02-28 21:00:00+00:00,41797.21484375,41823.703125,41632.77734375,41642.0,41642.0,0
2022-02-28 21:30:00+00:00,41643.41796875,41643.41796875,41559.55859375,41609.30078125,41609.30078125,50341888
2022-02-28 22:00:00+00:00,41613.7421875,41864.125,41613.7421875,41827.421875,41827.421875,267593728
2022-02-28 22:30:00+00:00,41827.82421875,43760.45703125,41827.82421875,43328.71875,43328.71875,3684915200
2022-02-28 23:00:00+00:00,43265.9296875,43265.9296875,42987.16015625,43059.0703125,43059.0703125,604528640
2022-02-28 23:30:00+00:00,43068.58984375,43221.140625,43068.58984375,43182.0078125,43182.0078125,388194304
2022-03-01 00:00:00+00:00,43194.8359375,43512.29296875,43194.8359375,43352.3515625,43352.3515625,489422848
2022-03-01 00:30:00+00:00,43370.15234375,43549.796875,43351.890625,43507.12890625,43507.12890625,599752704
2022-03-01 01:00:00+00:00,43521.34765625,43561.90234375,43311.28125,43317.2421875,43317.2421875,74608640
2022-03-01 01:30:00+00:00,43309.86328125,43375.8125,43279.51171875,43279.51171875,43279.51171875,104927232
2022-03-01 02:00:00+00:00,43262.28125,43273.21484375,43111.828125,43127.66796875,43127.66796875,435429376
2022-03-01 02:30:00+00:00,43077.0,43140.046875,43060.8125,43140.046875,43140.046875,256225280
2022-03-01 03:00:00+00:00,43143.8828125,43147.91015625,42952.5859375,42981.609375,42981.609375,39751680
2022-03-01 03:30:00+00:00,43004.9375,43113.7421875,43004.9375,43109.265625,43109.265625,205930496
2022-03-01 04:00:00+00:00,43121.61328125,43230.05078125,43110.69140625,43226.09765625,43226.09765625,352796672
2022-03-01 04:30:00+00:00,43221.234375,43323.9921875,43217.7578125,43321.12109375,43321.12109375,321085440
2022-03-01 05:00:00+00:00,43314.640625,43315.1015625,43198.48046875,43210.2421875,43210.2421875,31088640
2022-03-01 05:30:00+00:00,43215.86328125,43226.015625,43188.11328125,43202.83203125,43202.83203125,93478912
2022-03-01 06:00:00+00:00,43204.3671875,43273.6953125,43072.1328125,43268.74609375,43268.74609375,66674688
2022-03-01 06:30:00+00:00,43298.875,43411.6171875,43270.0078125,43411.6171875,43411.6171875,219746304
2022-03-01 07:00:00+00:00,43411.71484375,43501.65625,43396.2890625,43400.74609375,43400.74609375,183951360
2022-03-01 07:30:00+00:00,43395.84375,43433.3828125,43334.84765625,43433.3828125,43433.3828125,59088896
2022-03-01 08:00:00+00:00,43436.171875,43529.56640625,43382.62890625,43400.5859375,43400.5859375,169279488
2022-03-01 08:30:00+00:00,43437.37890625,43530.53125,43422.0625,43432.69140625,43432.69140625,258932736
2022-03-01 09:00:00+00:00,43469.33984375,43469.33984375,43370.19140625,43370.19140625,43370.19140625,211341312
2022-03-01 09:30:00+00:00,43320.8125,43320.8125,43184.56640625,43232.7421875,43232.7421875,155906048
2022-03-01 10:00:00+00:00,43227.77734375,43283.5390625,42983.21484375,43110.06640625,43110.06640625,327712768
2022-03-01 10:30:00+00:00,43099.23828125,43473.69921875,43099.23828125,43473.69921875,43473.69921875,561979392
2022-03-01 11:00:00+00:00,43484.90625,43661.97265625,43480.234375,43640.390625,43640.390625,537673728
2022-03-01 11:30:00+00:00,43585.7421875,43600.48828125,43443.8125,43537.58203125,43537.58203125,399433728
2022-03-01 12:00:00+00:00,43542.51171875,44288.6171875,43542.51171875,44272.4453125,44272.4453125,1301073920
2022-03-01 12:30:00+00:00,44334.33984375,44543.99609375,44165.16015625,44543.99609375,44543.99609375,1183461376
2022-03-01 13:00:00+00:00,44533.390625,44793.6015625,44519.4609375,44550.015625,44550.015625,991440896
2022-03-01 13:30:00+00:00,44549.890625,44625.5390625,44494.41015625,44582.14453125,44582.14453125,630427648
2022-03-01 14:00:00+00:00,44568.35546875,44582.31640625,44489.46484375,44548.453125,44548.453125,272683008
2022-03-01 14:30:00+00:00,44522.76953125,44522.76953125,43929.0625,43968.828125,43968.828125,30863360
2022-03-01 15:00:00+00:00,43961.55078125,43985.04296875,43696.7578125,43901.3984375,43901.3984375,71671808
2022-03-01 15:30:00+00:00,43882.1015625,43933.65625,43478.15625,43613.50390625,43613.50390625,211251200
2022-03-01 16:00:00+00:00,43634.140625,43903.8828125,43559.66015625,43808.7109375,43808.7109375,275374080
2022-03-01 16:30:00+00:00,43768.0234375,43768.0234375,43307.953125,43347.03515625,43347.03515625,22351872
2022-03-01 17:00:00+00:00,43345.23046875,43533.078125,43345.0703125,43481.9453125,43481.9453125,147787776
2022-03-01 17:30:00+00:00,43473.97265625,43756.98046875,43448.453125,43622.92578125,43622.92578125,333148160
2022-03-01 18:00:00+00:00,43626.140625,43645.609375,43504.79296875,43548.71875,43548.71875,0
2022-03-01 18:30:00+00:00,43550.42578125,43821.234375,43550.42578125,43820.8359375,43820.8359375,118087680
2022-03-01 19:00:00+00:00,43818.6953125,43942.46484375,43710.55859375,43942.46484375,43942.46484375,121937920
2022-03-01 19:30:00+00:00,43966.55078125,43966.55078125,43728.25,43728.25,43728.25,138637312
2022-03-01 20:00:00+00:00,43734.51171875,43892.23828125,43734.51171875,43887.96484375,43887.96484375,75010048
2022-03-01 20:30:00+00:00,43877.671875,44023.84375,43854.10546875,44023.84375,44023.84375,37392384
2022-03-01 21:00:00+00:00,44098.734375,44149.609375,43862.65234375,44029.30859375,44029.30859375,305057792
2022-03-01 21:30:00+00:00,44022.51953125,44022.51953125,43800.23828125,43844.609375,43844.609375,44032000
2022-03-01 22:00:00+00:00,43839.12890625,43921.3828125,43797.953125,43921.3828125,43921.3828125,280780800
2022-03-01 22:30:00+00:00,43923.109375,44149.1015625,43919.01953125,44149.1015625,44149.1015625,0
2022-03-01 23:00:00+00:00,44141.59375,44171.125,44091.68359375,44138.140625,44138.140625,0
2022-03-01 23:30:00+00:00,44144.97265625,44389.984375,44101.56640625,44346.98828125,44346.98828125,245463040
2022-03-02 00:00:00+00:00,44366.34375,44587.3515625,44274.48046875,44274.48046875,44274.48046875,230080512
2022-03-02 00:30:00+00:00,44228.03125,44228.03125,44010.1640625,44203.4296875,44203.4296875,131481600
2022-03-02 01:00:00+00:00,44201.94140625,44330.60546875,43972.12890625,43972.12890625,43972.12890625,36243456
2022-03-02 01:30:00+00:00,43956.5703125,44004.99609375,43896.875,43993.6953125,43993.6953125,234002432
2022-03-02 02:00:00+00:00,43993.05078125,44061.12109375,43914.12109375,43968.3671875,43968.3671875,43825152
2022-03-02 02:30:00+00:00,44007.72265625,44159.0625,44007.72265625,44159.0625,44159.0625,104663040
2022-03-02 03:00:00+00:00,44153.2109375,44253.43359375,44116.26953125,44116.26953125,44116.26953125,159811584
2022-03-02 03:30:00+00:00,44123.60546875,44490.77734375,44123.60546875,44370.24609375,44370.24609375,658429952
2022-03-02 04:00:00+00:00,44363.35546875,44449.75,44289.74609375,44449.75,44449.75,400054272
2022-03-02 04:30:00+00:00,44446.453125,44459.5625,44265.16796875,44273.2109375,44273.2109375,48445440
2022-03-02 05:00:00+00:00,44263.10546875,44322.41015625,44221.62890625,44314.46875,44314.46875,234022912
2022-03-02 05:30:00+00:00,44196.6796875,44287.87109375,44135.90234375,44279.015625,44279.015625,203632640
2022-03-02 06:00:00+00:00,44265.203125,44313.2265625,44141.7421875,44150.1875,44150.1875,46360576
2022-03-02 06:30:00+00:00,44148.53515625,44151.0390625,43945.46875,43952.56640625,43952.56640625,49778688
2022-03-02 07:00:00+00:00,43952.984375,43966.3671875,43743.7578125,43810.09765625,43810.09765625,176515072
2022-03-02 07:30:00+00:00,43841.0703125,43946.859375,43841.0703125,43913.2734375,43913.2734375,276170752
2022-03-02 08:00:00+00:00,43929.5,44204.37890625,43863.640625,44140.3046875,44140.3046875,433508352
2022-03-02 08:30:00+00:00,44149.14453125,44201.0703125,43905.76171875,43905.76171875,43905.76171875,130340864
2022-03-02 09:00:00+00:00,43904.8359375,43975.0,43875.1328125,43918.3671875,43918.3671875,102033408
2022-03-02 09:30:00+00:00,43893.58984375,44040.1015625,43853.50390625,43944.19140625,43944.19140625,260974592
2022-03-02 10:00:00+00:00,43935.921875,44133.02734375,43935.921875,44133.02734375,44133.02734375,80343040
2022-03-02 10:30:00+00:00,44137.21875,44267.12890625,44125.00390625,44146.3125,44146.3125,456169472
2022-03-02 11:00:00+00:00,44148.94140625,44204.00390625,44064.41015625,44163.14453125,44163.14453125,69562368
2022-03-02 11:30:00+00:00,44159.80078125,44175.06640625,44087.66796875,44114.421875,44114.421875,58974208
2022-03-02 12:00:00+00:00,44109.86328125,44236.3203125,43985.89453125,43985.89453125,43985.89453125,71079936
2022-03-02 12:30:00+00:00,43988.52734375,44049.19140625,43888.58203125,44005.8671875,44005.8671875,12312576
2022-03-02 13:00:00+00:00,44006.171875,44006.171875,43613.44921875,43700.25,43700.25,0
2022-03-02 13:30:00+00:00,43688.546875,43734.8359375,43432.8515625,43479.70703125,43479.70703125,190203904
2022-03-02 14:00:00+00:00,43467.84765625,43699.82421875,43467.84765625,43692.63671875,43692.63671875,16556032
2022-03-02 14:30:00+00:00,43721.734375,44703.5546875,43721.734375,44644.7578125,44644.7578125,1327927296
2022-03-02 15:00:00+00:00,44657.9609375,45077.578125,44082.3671875,44082.3671875,44082.3671875,1507299328
2022-03-02 15:30:00+00:00,44150.4375,44371.375,44150.4375,44160.31640625,44160.31640625,831834112
2022-03-02 16:00:00+00:00,44120.26953125,44387.6015625,44120.26953125,44334.72265625,44334.72265625,215576576
2022-03-02 16:30:00+00:00,44340.828125,44412.47265625,44271.375,44282.96875,44282.96875,114688
2022-03-02 17:00:00+00:00,44270.88671875,44362.55078125,44187.3046875,44187.3046875,44187.3046875,174127104
2022-03-02 17:30:00+00:00,44181.75390625,44181.75390625,43839.59375,43840.15234375,43840.15234375,20905984
2022-03-02 18:00:00+00:00,43838.9296875,43937.24609375,43820.15234375,43849.72265625,43849.72265625,100161536
2022-03-02 18:30:00+00:00,43850.24609375,43886.203125,43622.3203125,43630.8125,43630.8125,79173632
2022-03-02 19:00:00+00:00,43624.2421875,43736.109375,43516.24609375,43516.24609375,43516.24609375,75718656
2022-03-02 19:30:00+00:00,43525.16796875,43762.66015625,43489.71484375,43737.32421875,43737.32421875,232128512
2022-03-02 20:00:00+00:00,43712.84765625,43765.7109375,43702.578125,43735.99609375,43735.99609375,47316992
2022-03-02 20:30:00+00:00,43739.828125,43821.45703125,43739.828125,43810.2265625,43810.2265625,99590144
2022-03-02 21:00:00+00:00,43808.5859375,43840.36328125,43780.00390625,43830.21484375,43830.21484375,21739520
2022-03-02 21:30:00+00:00,43830.4375,43900.68359375,43796.6328125,43900.68359375,43900.68359375,50954240
2022-03-02 22:00:00+00:00,43923.3984375,44192.71484375,43923.3984375,44062.64453125,44062.64453125,340881408
2022-03-02 22:30:00+00:00,44057.078125,44144.30078125,44024.71484375,44115.625,44115.625,63469568
2022-03-02 23:00:00+00:00,44082.0625,44147.57421875,44080.8125,44125.2109375,44125.2109375,54024192
2022-03-02 23:30:00+00:00,44111.9296875,44111.9296875,43903.9921875,43918.08984375,43918.08984375,0
2022-03-03 00:00:00+00:00,43925.1953125,43941.84765625,43747.33984375,43858.87109375,43858.87109375,30263296
2022-03-03 00:30:00+00:00,43865.2890625,44017.53125,43865.2890625,44017.53125,44017.53125,13498368
2022-03-03 01:00:00+00:00,44009.828125,44009.828125,43811.98828125,43877.6875,43877.6875,0
2022-03-03 01:30:00+00:00,43893.28515625,43975.078125,43762.36328125,43840.328125,43840.328125,39239680
2022-03-03 02:00:00+00:00,43840.1875,43851.28125,43729.49609375,43795.15625,43795.15625,17864704
2022-03-03 02:30:00+00:00,43791.3828125,43806.29296875,43687.86328125,43806.29296875,43806.29296875,158603264
2022-03-03 03:00:00+00:00,43807.78125,43808.203125,43736.078125,43765.51953125,43765.51953125,0
2022-03-03 03:30:00+00:00,43763.546875,43763.546875,43346.87890625,43378.19140625,43378.19140625,289136640
2022-03-03 04:00:00+00:00,43376.04296875,43454.91796875,43357.01953125,43453.85546875,43453.85546875,0
2022-03-03 04:30:00+00:00,43431.05859375,43443.34375,43297.9453125,43409.23046875,43409.23046875,22609920
2022-03-03 05:00:00+00:00,43427.29296875,43483.4765625,43427.29296875,43441.6015625,43441.6015625,8153088
2022-03-03 05:30:00+00:00,43436.66796875,43436.66796875,43364.13671875,43410.21484375,43410.21484375,40785920
2022-03-03 06:00:00+00:00,43406.140625,43406.140625,43054.2421875,43145.33984375,43145.33984375,321232896
2022-03-03 06:30:00+00:00,43157.83203125,43427.6796875,43157.83203125,43413.58984375,43413.58984375,252973056
2022-03-03 07:00:00+00:00,43421.3359375,43554.60546875,43421.3359375,43495.6875,43495.6875,64571392
2022-03-03 07:30:00+00:00,43513.1015625,43559.53515625,43401.90234375,43408.8671875,43408.8671875,34035712
2022-03-03 08:00:00+00:00,43422.23046875,43580.83203125,43422.23046875,43501.828125,43501.828125,42399744
2022-03-03 08:30:00+00:00,43492.43359375,43492.43359375,43382.41796875,43415.10546875,43415.10546875,72775680
2022-03-03 09:00:00+00:00,43458.97265625,43458.97265625,43299.171875,43349.26953125,43349.26953125,69558272
2022-03-03 09:30:00+00:00,43345.5546875,43345.5546875,43213.9765625,43214.4921875,43214.4921875,38572032
2022-03-03 10:00:00+00:00,43212.3046875,43273.53125,43175.08984375,43215.98046875,43215.98046875,267913216
2022-03-03 10:30:00+00:00,43210.65625,43380.29296875,43177.19921875,43361.36328125,43361.36328125,268630016
2022-03-03 11:00:00+00:00,43362.1171875,43519.0859375,43336.6171875,43519.0859375,43519.0859375,156532736
2022-03-03 11:30:00+00:00,43524.40234375,43543.7109375,43453.3046875,43458.921875,43458.921875,85139456
